name: GBIF_env
channels:
  - conda-forge
  - defaults
dependencies:
  - anyio=4.12.1=pyhcf101f3_0
  - backports.zstd=1.3.0=py314h680f03e_0
  - brotli-python=1.2.0=py314he701e3d_1
  - bzip2=1.0.8=h0ad9c76_9
  - ca-certificates=2026.2.25=h4c7d964_0
  - certifi=2026.2.25=pyhd8ed1ab_0
  - charset-normalizer=3.4.4=pyhd8ed1ab_0
  - exceptiongroup=1.3.1=pyhd8ed1ab_0
  - h11=0.16.0=pyhcf101f3_1
  - h2=4.3.0=pyhcf101f3_0
  - hpack=4.1.0=pyhd8ed1ab_0
  - httpcore=1.0.9=pyh29332c3_0
  - httpx=0.28.1=pyhd8ed1ab_0
  - hyperframe=6.1.0=pyhd8ed1ab_0
  - idna=3.11=pyhd8ed1ab_0
  - libexpat=2.7.4=hac47afa_0
  - libffi=3.5.2=h3d046cb_0
  - liblzma=5.8.2=hfd05255_0
  - libmpdec=4.0.0=hfd05255_1
  - libsqlite=3.51.2=hf5d6505_0
  - libzlib=1.3.1=h2466b09_2
  - openssl=3.6.1=hf411b9b_1
  - pip=26.0.1=pyh145f28c_0
  - pysocks=1.7.1=pyh09c184e_7
  - python=3.14.3=h4b44e0e_101_cp314
  - python_abi=3.14=8_cp314
  - requests=2.32.5=pyhcf101f3_1
  - sniffio=1.3.1=pyhd8ed1ab_2
  - tk=8.6.13=h6ed50ae_3
  - typing_extensions=4.15.0=pyhcf101f3_0
  - tzdata=2025c=hc9c84f9_1
  - ucrt=10.0.26100.0=h57928b3_0
  - urllib3=2.6.3=pyhd8ed1ab_0
  - vc=14.3=h41ae7f8_34
  - vc14_runtime=14.44.35208=h818238b_34
  - vcomp14=14.44.35208=h818238b_34
  - win_inet_pton=1.1.0=pyh7428d3b_8
  - zstd=1.5.7=h534d264_6
prefix: C:\Users\jacob\miniconda3\envs\GBIF_env
